PORT = 8847
LAT_OFFICE = 23.7747155
LONG_OFFICE = 90.3856415
